#;PSRJ;Gl;P0;P1;DM;S1400;DIST_DM;NGLT;AGE;BSURF_I;
;;(deg);(s);;(cm^-3pc);(mJy);(kpc);;(Yr);(G);
1;J0007+7303;119.660;0.315873;3.60e-13;*;*;*;1;1.39e+04;*;
2;J0040-7335;303.956;0.145218;2.39e-14;198.27;*;*;1;9.65e+04;*;
3;J0040-7337;303.968;0.059889;3.40e-14;101.79;*;*;1;2.79e+04;*;
4;J0048-7317;303.180;0.079314;3.30e-14;292.42;*;*;1;3.81e+04;*;
5;J0146+6145;129.384;8.688994;1.99e-12;*;*;*;3;6.91e+04;1.33e+14;
6;J0147+5922;130.059;0.196321;2.57e-16;40.11;2.10;*;1;1.21e+07;2.27e+11;
7;J0157+6212;130.586;2.351745;1.89e-13;30.21;1.90;*;3;1.97e+05;2.13e+13;
8;J0205+6449;130.719;0.065716;1.94e-13;140.70;0.04;*;9;5.37e+03;3.61e+12;
9;J0212+5222;135.331;0.376386;6.60e-15;38.21;0.90;*;2;9.04e+05;*;
10;J0215+6218;132.575;0.548880;6.62e-16;84.00;3.70;*;1;1.31e+07;*;
11;J0358+5413;148.190;0.156384;4.39e-15;57.14;23.00;*;7;5.64e+05;8.39e+11;
12;J0406+6138;144.025;0.594576;5.57e-15;65.41;2.80;*;1;1.69e+06;1.84e+12;
13;J0415+6954;138.911;0.390715;7.66e-17;27.45;0.50;*;1;8.08e+07;*;
14;J0417+35;163.219;0.654400;*;48.53;*;*;1;*;*;
15;J0502+4654;160.363;0.638565;5.58e-15;41.83;2.50;*;1;1.81e+06;1.91e+12;
16;J0525+1115;192.695;0.354438;7.36e-17;79.41;1.94;*;1;7.63e+07;*;
17;J0528+2200;183.856;3.745539;4.01e-14;50.87;8.90;*;4;1.48e+06;*;
18;J0534+2200;184.557;0.033392;4.21e-13;56.77;14.00;*;40;1.26e+03;3.79e+12;
19;J0537-6910;279.559;0.016122;5.18e-14;*;0.00;*;23;4.93e+03;*;
20;J0540-6919;279.717;0.050570;4.79e-13;147.20;0.10;*;2;1.67e+03;*;
21;J0601-0527;212.199;0.395969;1.30e-15;80.54;2.60;*;2;4.82e+06;7.26e+11;
22;J0611+1436;195.378;0.270329;4.00e-15;43.99;1.10;*;1;1.07e+06;*;
23;J0613-0200;210.413;0.003062;9.59e-21;38.78;2.25;*;1;5.06e+09;1.68e+08;
24;J0625+10;200.878;0.498397;*;78.00;0.09;*;2;*;*;
25;J0631+1036;201.219;0.287841;1.03e-13;125.31;1.11;*;19;4.44e+04;*;
26;J0633+1746;195.134;0.237099;1.10e-14;2.89;*;*;1;3.42e+05;1.63e+12;
27;J0659+1414;201.108;0.384929;5.49e-14;13.95;2.70;*;2;1.11e+05;4.65e+12;
28;J0729-1448;230.392;0.251709;1.13e-13;91.93;0.83;*;6;3.52e+04;*;
29;J0729-1836;233.760;0.510176;1.90e-14;61.23;1.90;*;2;4.26e+05;3.15e+12;
30;J0742-2822;243.773;0.166762;1.68e-14;73.76;26.00;*;9;1.57e+05;1.69e+12;
31;J0758-1528;234.464;0.682265;1.62e-15;63.33;2.60;*;1;6.68e+06;*;
32;J0820-1350;235.890;1.238130;2.11e-15;40.94;6.00;*;2;9.32e+06;1.63e+12;
33;J0834-4159;260.886;0.121118;4.28e-15;240.50;0.28;*;1;4.48e+05;*;
34;J0835-4510;263.552;0.089328;1.25e-13;67.77;1050.00;*;23;1.13e+04;3.38e+12;
35;J0846-3533;257.190;1.116099;1.60e-15;94.16;5.00;*;1;1.10e+07;*;
36;J0901-4624;267.404;0.442058;8.74e-14;198.96;0.51;*;1;8.02e+04;*;
37;J0905-5127;271.633;0.346310;2.48e-14;196.43;1.05;*;2;2.21e+05;*;
38;J0908-4913;270.265;0.106771;1.51e-14;180.16;20.00;*;1;1.12e+05;1.28e+12;
39;J0922+0638;225.420;0.430632;1.37e-14;27.30;10.00;*;2;4.97e+05;2.46e+12;
40;J0940-5428;277.510;0.087569;3.29e-14;134.83;0.66;*;2;4.22e+04;*;
41;J0954-5430;278.998;0.472866;4.39e-14;201.16;0.51;*;1;1.71e+05;*;
42;J1015-5719;283.088;0.139920;5.74e-14;277.79;3.00;*;1;3.86e+04;*;
43;J1016-5857;284.079;0.107386;8.08e-14;393.62;0.90;*;4;2.10e+04;*;
44;J1019-5749;283.837;0.162513;2.01e-14;1039.90;3.80;*;2;1.28e+05;*;
45;J1023-5746;284.166;0.111472;3.84e-13;*;*;*;1;4.60e+03;*;
46;J1028-5819;285.065;0.091403;1.61e-14;96.53;0.24;*;1;9.00e+04;*;
47;J1048-5832;287.427;0.123740;9.61e-14;128.68;9.10;*;7;2.04e+04;*;
48;J1050-5953;288.256;6.452077;3.81e-11;*;*;*;2;2.68e+03;*;
49;J1052-5954;288.549;0.180592;2.00e-14;491.90;0.15;*;1;1.43e+05;*;
50;J1055-6028;289.133;0.099661;2.95e-14;636.50;0.95;*;1;5.35e+04;*;
51;J1105-6107;290.489;0.063202;1.58e-14;271.63;1.20;*;4;6.32e+04;*;
52;J1112-6103;291.221;0.064962;3.15e-14;595.69;2.30;*;4;3.27e+04;*;
53;J1119-6127;292.151;0.407963;4.02e-12;704.80;1.09;*;6;1.61e+03;*;
54;J1123-6259;293.183;0.271438;5.25e-15;223.26;0.51;*;1;8.19e+05;*;
55;J1124-5916;292.038;0.135477;7.53e-13;329.20;0.08;*;1;2.85e+03;1.02e+13;
56;J1141-3322;286.586;0.291468;4.65e-16;46.37;1.60;*;1;9.92e+06;*;
57;J1141-6545;295.791;0.393899;4.31e-15;116.08;2.40;*;1;1.45e+06;1.32e+12;
58;J1248-6344;302.637;0.198335;1.69e-14;433.00;0.20;*;1;1.86e+05;*;
59;J1257-1027;305.205;0.617308;3.63e-16;29.63;1.20;*;1;2.70e+07;*;
60;J1301-6305;304.100;0.184528;2.67e-13;374.00;0.49;*;4;1.10e+04;*;
61;J1302-6350;304.184;0.047763;2.28e-15;146.73;4.50;*;1;3.32e+05;3.34e+11;
62;J1320-5359;307.305;0.279738;9.25e-15;97.31;2.10;*;2;4.79e+05;*;
63;J1328-4357;309.874;0.532703;3.04e-15;41.29;4.40;*;1;2.78e+06;*;
64;J1341-6220;308.730;0.193340;2.53e-13;719.65;2.70;*;36;1.21e+04;*;
65;J1357-6429;309.923;0.166308;3.61e-13;127.41;0.52;*;5;7.30e+03;*;
66;J1406-6121;311.841;0.213075;5.47e-14;537.29;0.44;*;1;6.17e+04;*;
67;J1410-6132;312.195;0.050052;3.20e-14;961.00;1.90;*;1;2.48e+04;*;
68;J1412-6145;312.324;0.315258;9.90e-14;512.48;0.69;*;1;5.04e+04;*;
69;J1413-6141;312.462;0.285625;3.33e-13;667.60;0.82;*;14;1.36e+04;*;
70;J1413-6205;312.373;0.109741;2.77e-14;*;*;*;1;6.28e+04;*;
71;J1420-6048;313.541;0.068180;8.32e-14;360.15;1.19;*;8;1.30e+04;*;
72;J1422-6138;313.521;0.340968;9.68e-14;*;0.00;*;2;5.58e+04;*;
73;J1452-6036;317.296;0.154992;1.45e-15;349.52;1.90;*;3;1.69e+06;*;
74;J1453-6413;315.733;0.179487;2.74e-15;71.19;18.00;*;4;1.04e+06;7.10e+11;
75;J1509+5531;91.325;0.739682;5.00e-15;19.62;8.00;*;1;2.34e+06;1.94e+12;
76;J1522-5735;322.052;0.102136;3.12e-14;*;0.00;*;1;5.18e+04;*;
77;J1524-5625;323.000;0.078244;3.90e-14;152.05;1.28;*;1;3.18e+04;*;
78;J1531-5610;323.897;0.084211;1.38e-14;110.71;0.87;*;1;9.70e+04;*;
79;J1532+2745;43.481;1.124836;7.80e-16;14.69;0.80;*;1;2.29e+07;9.47e+11;
80;J1539-5626;324.621;0.243395;4.85e-15;175.97;5.00;*;1;7.95e+05;*;
81;J1602-5100;330.688;0.864297;6.94e-14;170.81;8.23;*;1;1.97e+05;*;
82;J1614-5048;332.206;0.231694;4.95e-13;582.40;4.10;*;4;7.42e+03;*;
83;J1617-5055;332.499;0.069357;1.35e-13;467.00;0.27;*;6;8.13e+03;*;
84;J1636-2614;353.120;0.510454;4.06e-15;92.72;0.19;*;2;1.99e+06;*;
85;J1644-4559;339.193;0.455078;2.01e-14;478.66;300.00;*;4;3.59e+05;*;
86;J1645-0317;14.114;0.387692;1.78e-15;35.76;25.76;*;7;3.45e+06;8.40e+11;
87;J1646-4346;341.105;0.231603;1.13e-13;490.40;1.25;*;2;3.25e+04;*;
88;J1650-4502;340.559;0.380870;1.61e-14;320.20;0.61;*;1;3.76e+05;*;
89;J1702-4128;344.744;0.182136;5.23e-14;365.75;1.17;*;1;5.51e+04;*;
90;J1702-4310;343.352;0.240524;2.24e-13;377.60;0.92;*;2;1.70e+04;*;
91;J1703-4851;338.986;1.396405;5.07e-15;149.65;1.40;*;1;4.36e+06;*;
92;J1705-1906;3.189;0.298991;4.14e-15;22.91;5.66;*;4;1.14e+06;*;
93;J1705-3423;350.721;0.255427;1.08e-15;146.15;5.30;*;3;3.76e+06;*;
94;J1705-3950;346.341;0.318979;6.08e-14;207.25;1.60;*;1;8.32e+04;*;
95;J1706-4434;342.672;0.429922;2.58e-15;467.00;0.19;*;1;2.64e+06;*;
96;J1708-4008;346.481;11.006262;1.96e-11;*;*;*;3;8.90e+03;*;
97;J1709-4429;343.098;0.102533;9.31e-14;75.58;12.10;*;7;1.75e+04;3.13e+12;
98;J1718-3718;349.849;3.378574;1.61e-12;371.10;0.40;*;1;3.32e+04;*;
99;J1718-3825;348.951;0.074675;1.32e-14;247.46;1.70;*;3;8.98e+04;*;
100;J1720-1633;7.374;1.565606;5.80e-15;45.06;1.10;*;1;4.28e+06;*;
101;J1721-3532;351.687;0.280424;2.52e-14;496.82;16.80;*;1;1.76e+05;*;
102;J1722-3632;350.934;0.399187;4.47e-15;415.79;2.90;*;1;1.42e+06;*;
103;J1730-3350;354.133;0.139506;8.41e-14;261.29;4.30;*;5;2.63e+04;*;
104;J1731-4744;342.565;0.829946;1.64e-13;123.06;27.00;*;9;8.04e+04;1.18e+13;
105;J1734-3333;354.819;1.169341;2.28e-12;578.00;0.71;*;1;8.13e+03;*;
106;J1737-3102;357.298;0.768672;3.73e-14;280.00;0.60;*;1;3.26e+05;*;
107;J1737-3137;356.744;0.450432;1.39e-13;488.10;0.88;*;6;5.14e+04;*;
108;J1739-2903;359.206;0.322889;7.88e-15;138.67;4.50;*;1;6.50e+05;*;
109;J1740+1000;34.011;0.154101;2.13e-14;23.80;2.70;*;2;1.14e+05;*;
110;J1740-3015;358.294;0.606887;4.66e-13;151.90;8.90;*;39;2.06e+04;*;
111;J1742-3321;355.851;0.143307;1.27e-15;*;*;*;1;1.79e+06;*;
112;J1743-3150;357.298;2.414652;1.21e-13;192.19;2.10;*;1;3.17e+05;*;
113;J1746-2856;0.126;0.945224;1.25e-14;1168.00;*;*;1;1.20e+06;*;
114;J1751-3323;356.829;0.548231;8.87e-15;295.54;1.67;*;3;9.79e+05;*;
115;J1757-2421;5.281;0.234109;1.30e-14;179.58;7.20;*;1;2.86e+05;*;
116;J1801-0357;23.595;0.921493;3.30e-15;120.33;0.70;*;1;4.42e+06;*;
117;J1801-2304;6.837;0.415827;1.13e-13;1067.85;7.00;*;14;5.83e+04;*;
118;J1801-2451;5.254;0.124924;1.28e-13;291.55;1.46;*;9;1.55e+04;*;
119;J1803-2137;8.395;0.133667;1.34e-13;234.04;9.60;*;8;1.58e+04;4.29e+12;
120;J1806-2125;8.811;0.481825;1.18e-13;747.00;0.80;*;1;6.47e+04;*;
121;J1809-1917;11.094;0.082764;2.55e-14;197.30;2.80;*;1;5.15e+04;*;
122;J1809-2004;10.363;0.434811;7.28e-15;867.10;0.90;*;2;9.46e+05;*;
123;J1812-1718;13.109;1.205374;1.91e-14;251.40;1.10;*;4;1.00e+06;*;
124;J1813-1246;17.244;0.048072;1.76e-14;*;*;*;1;4.34e+04;*;
125;J1814-1744;13.021;3.975905;7.45e-13;820.00;0.70;*;6;8.46e+04;*;
126;J1818-1422;16.405;0.291489;2.04e-15;619.65;9.60;*;1;2.27e+06;*;
127;J1819-1458;16.019;4.263213;5.63e-13;196.00;*;*;3;1.20e+05;*;
128;J1822-1604;15.353;8.437721;2.14e-14;*;*;*;1;6.26e+06;*;
129;J1824-1118;19.809;0.435759;3.55e-15;601.31;1.30;*;1;1.94e+06;*;
130;J1824-2452A;7.797;0.003054;1.62e-18;119.90;2.30;*;1;2.99e+07;2.25e+09;
131;J1825-0935;21.449;0.769021;5.24e-14;19.38;10.00;*;14;2.33e+05;6.42e+12;
132;J1826-1334;18.001;0.101487;7.53e-14;231.73;4.70;*;8;2.14e+04;*;
133;J1827-0958;21.286;0.245757;1.00e-15;430.00;2.20;*;1;3.88e+06;*;
134;J1830-1059;20.812;0.405094;5.99e-14;159.70;1.50;*;1;1.07e+05;*;
135;J1830-1135;20.193;6.221553;4.77e-14;257.00;1.10;*;1;2.06e+06;*;
136;J1833-0827;23.385;0.085291;9.18e-15;409.75;6.90;*;4;1.47e+05;8.95e+11;
137;J1833-1034;21.501;0.061884;2.02e-13;169.50;0.07;*;4;4.85e+03;*;
138;J1834-0731;24.288;0.512995;5.82e-14;288.30;1.30;*;1;1.40e+05;*;
139;J1835-1020;21.980;0.302452;5.92e-15;115.66;1.90;*;1;8.09e+05;*;
140;J1835-1106;21.222;0.165918;2.06e-14;132.68;2.50;*;1;1.28e+05;*;
141;J1836-1008;22.263;0.562721;1.18e-14;315.94;4.80;*;1;7.56e+05;*;
142;J1837-0559;26.001;0.201065;3.31e-15;317.98;0.58;*;3;9.62e+05;*;
143;J1837-0604;25.960;0.096313;4.49e-14;460.00;0.75;*;3;3.40e+04;*;
144;J1838-0453;27.070;0.380866;1.16e-13;617.20;0.40;*;2;5.19e+04;*;
145;J1839-0223;29.500;1.266790;4.76e-15;330.00;0.11;*;1;4.21e+06;*;
146;J1841-0157;30.100;0.663332;1.81e-14;475.21;0.81;*;1;5.81e+05;*;
147;J1841-0345;28.423;0.204106;5.79e-14;196.64;2.07;*;1;5.59e+04;*;
148;J1841-0425;27.818;0.186149;6.39e-15;325.49;3.30;*;2;4.61e+05;*;
149;J1841-0456;27.387;11.788978;4.09e-11;*;*;*;4;4.57e+03;*;
150;J1841-0524;27.024;0.445810;2.33e-13;284.50;0.20;*;5;3.03e+04;*;
151;J1842+0257;34.558;3.088256;2.96e-14;146.00;0.26;*;1;1.65e+06;*;
152;J1844+00;32.624;0.460503;*;346.60;8.60;*;2;*;*;
153;J1844-0346;28.787;0.112855;1.55e-13;*;*;*;1;1.16e+04;*;
154;J1844-0433;28.096;0.991030;3.91e-15;123.16;1.10;*;1;4.01e+06;*;
155;J1844-0538;27.073;0.255704;9.71e-15;411.71;3.20;*;1;4.17e+05;*;
156;J1845-0316;29.390;0.207636;8.86e-15;500.00;0.35;*;2;3.71e+05;*;
157;J1845-0743;25.428;0.104695;3.67e-16;281.02;3.00;*;1;4.52e+06;*;
158;J1846-0258;29.712;0.326571;7.11e-12;*;*;*;2;7.28e+02;*;
159;J1847-0130;31.147;6.707046;1.27e-12;667.00;0.33;*;2;8.33e+04;*;
160;J1847-0402;28.876;0.597809;5.17e-14;141.98;4.90;*;2;1.83e+05;*;
161;J1849-0317;29.834;0.668422;2.21e-14;39.62;0.70;*;1;4.80e+05;*;
162;J1850-0026;32.407;0.166634;3.91e-14;947.00;1.77;*;4;6.75e+04;*;
163;J1851-0029;32.542;0.518724;4.71e-15;521.11;0.44;*;1;1.75e+06;*;
164;J1852-0635;27.224;0.524159;1.46e-14;173.60;9.50;*;1;5.68e+05;*;
165;J1853+0056;34.017;0.275578;2.14e-14;180.90;0.21;*;1;2.04e+05;*;
166;J1853+0545;38.354;0.126400;6.12e-16;197.91;2.70;*;1;3.27e+06;*;
167;J1856+0113;34.560;0.267440;2.08e-13;96.10;0.19;*;2;2.03e+04;*;
168;J1856+0245;36.008;0.080907;6.21e-14;623.50;0.58;*;1;2.06e+04;*;
169;J1901+0156;35.818;0.288221;2.36e-15;105.39;0.38;*;2;1.94e+06;*;
170;J1901+0716;40.569;0.644001;2.29e-15;252.61;0.90;*;1;4.46e+06;*;
171;J1902+0615;39.814;0.673507;7.71e-15;502.93;1.60;*;6;1.38e+06;2.31e+12;
172;J1906+0722;41.216;0.111524;3.59e-14;*;*;*;1;4.92e+04;*;
173;J1907+0631;40.515;0.323648;4.52e-13;429.40;0.25;*;2;1.13e+04;*;
174;J1909+0007;35.123;1.016953;5.52e-15;112.76;0.87;*;3;2.92e+06;*;
175;J1909+0749;41.909;0.237161;1.52e-13;539.36;0.23;*;1;2.47e+04;*;
176;J1909+0912;43.164;0.222972;3.59e-14;423.05;0.40;*;2;9.83e+04;*;
177;J1909+1102;44.832;0.283643;2.64e-15;149.82;3.20;*;2;1.70e+06;8.76e+11;
178;J1910+0358;38.606;2.330266;4.47e-15;83.87;1.50;*;1;8.26e+06;*;
179;J1910+1026;44.426;0.531493;2.57e-13;712.80;0.06;*;1;3.28e+04;*;
180;J1910-0309;32.280;0.504606;2.19e-15;205.40;0.55;*;3;3.65e+06;*;
181;J1913+0446;39.736;1.616130;2.79e-13;109.10;0.48;*;3;9.18e+04;*;
182;J1913+0832;42.980;0.134412;4.57e-15;355.90;0.90;*;1;4.66e+05;*;
183;J1913+0904;43.502;0.163251;1.76e-14;96.84;0.40;*;1;1.47e+05;*;
184;J1913+1000;44.285;0.837158;1.67e-14;422.99;0.53;*;1;7.93e+05;*;
185;J1913+1011;44.485;0.035911;3.38e-15;178.49;0.90;*;1;1.68e+05;*;
186;J1915+1009;44.707;0.404554;1.53e-14;241.58;2.00;*;1;4.20e+05;2.51e+12;
187;J1915+1150;46.170;0.100041;1.37e-14;699.83;0.05;*;1;1.16e+05;*;
188;J1915+1606;49.968;0.059030;8.62e-18;168.77;0.90;*;1;1.09e+08;2.28e+10;
189;J1919+0021;36.506;1.272267;7.68e-15;90.20;0.80;*;1;2.63e+06;3.16e+12;
190;J1921+0812;43.710;0.210650;5.37e-15;82.82;0.66;*;1;6.21e+05;*;
191;J1923+4243;74.715;0.595193;2.53e-15;52.99;*;*;1;3.72e+06;*;
192;J1926+0431;40.980;1.074080;2.46e-15;102.24;*;*;1;6.91e+06;*;
193;J1931+1817;53.739;0.234131;1.07e-13;465.00;0.15;*;4;3.46e+04;*;
194;J1932+2220;57.356;0.144470;5.76e-14;218.90;1.20;*;3;3.98e+04;*;
195;J1937+2544;60.836;0.200980;6.43e-16;53.22;1.40;*;1;4.95e+06;3.64e+11;
196;J1939+2609;61.501;0.466963;5.20e-18;47.30;0.15;*;1;1.42e+09;*;
197;J1947+1957;56.987;0.157509;5.23e-16;185.80;0.08;*;1;4.78e+06;*;
198;J1952+3252;68.765;0.039531;5.84e-15;45.01;1.00;*;6;1.07e+05;4.86e+11;
199;J1954+2529;62.580;0.931210;1.26e-15;182.70;0.06;*;1;1.17e+07;*;
200;J1955+5059;84.793;0.518938;1.37e-15;31.98;4.00;*;2;5.99e+06;*;
201;J1957+2831;65.524;0.307683;3.11e-15;138.99;1.00;*;5;1.57e+06;*;
202;J2005-0020;41.331;2.279680;2.57e-14;36.09;0.70;*;1;1.41e+06;*;
203;J2021+3651;75.222;0.103741;9.57e-14;367.50;0.10;*;4;1.72e+04;*;
204;J2022+3842;76.888;0.048579;8.61e-14;429.10;*;*;1;8.94e+03;*;
205;J2022+5154;87.862;0.529197;3.06e-15;22.55;27.00;*;1;2.74e+06;1.29e+12;
206;J2029+3744;76.898;1.216805;1.23e-14;190.66;0.60;*;1;1.56e+06;*;
207;J2029+5459;90.981;0.578909;2.26e-15;59.75;*;*;2;4.07e+06;*;
208;J2032+4127;80.224;0.143246;1.13e-14;114.67;*;*;1;2.01e+05;1.29e+12;
209;J2116+1414;64.464;0.440153;2.89e-16;56.20;0.80;*;1;2.41e+07;*;
210;J2202+5040;97.650;0.745379;4.44e-15;76.10;*;*;2;2.66e+06;*;
211;J2219+4754;98.385;0.538469;2.77e-15;43.50;3.00;*;1;3.09e+06;*;
212;J2225+6535;108.638;0.682542;9.66e-15;36.44;2.00;*;5;1.12e+06;2.59e+12;
213;J2229+6114;106.647;0.051648;7.74e-14;205.10;0.25;*;7;1.06e+04;*;
214;J2257+5909;108.831;0.368246;5.75e-15;151.08;9.20;*;1;1.01e+06;1.47e+12;
215;J2301+5852;109.087;6.979071;4.71e-13;*;*;*;4;2.35e+05;5.80e+13;
216;J2325+6316;113.418;1.436310;2.83e-15;197.37;2.10;*;1;8.05e+06;*;
217;J2337+6151;114.284;0.495370;1.93e-13;58.41;1.40;*;1;4.06e+04;9.91e+12;
218;J2346-0609;83.798;1.181463;1.36e-15;22.61;2.00;*;1;1.37e+07;1.28e+12;
219;J2351+6500;116.676;1.164883;2.80e-14;154.29;*;*;1;6.59e+05;*;